512
541
544
525
508
511
522
519
496
475
481
511
537
539
521
511
519
530
522
494
473
480
510
532
531
517
513
526
537
525
494
473
482
509
527
523
511
514
533
543
527
495
475
485
509
521
514
505
515
538
548
529
496
479
489
509
515
505
499
515
541
550
530
499
485
495
510
510
496
494
514
543
551
530
501
491
502
512
504
488
488
513
543
550
529
504
499
510
515
500
482
484
512
542
546
527
507
507
518
518
497
477
482
511
539
541
523
510
515
526
521
495
474
480
510
534
534
519
512
523
534
524
494
473
481
509
529
526
514
514
530
541
526
495
474
483
508
523
518
508
515
536
546
529
496
477
487
509
518
509
502
515
540
550
530
498
482
492
510
512
500
496
514
542
551
531
501
488
499
511
507
491
490
513
543
551
530
503
496
507
514
502
484
486
512
542
548
528
506
504
515
516
499
479
482
511
540
544
525
509
512
523
520
496
475
