510
511
510
511
511
511
511
511
512
513
512
512
512
512
512
512
513
512
512
513
513
513
512
513
513
512
512
512
513
513
512
512
512
512
512
512
513
512
512
512
512
511
511
511
512
512
512
512
511
512
512
512
512
511
511
511
511
512
511
511
511
511
511
510
510
510
511
511
511
510
511
510
509
511
510
510
509
510
510
509
509
509
509
511
509
509
509
509
509
509
509
509
510
510
509
509
509
509
509
509
510
508
509
509
509
508
509
510
509
509
508
509
510
510
510
509
509
510
510
509
508
509
509
509
509
509
509
509
510
510
509
510
509
508
509
509
510
510
510
511
511
511
512
512
512
511
512
511
511
512
512
512
511
511
511
511
512
512
511
512
512
511
512
513
512
511
512
511
511
512
512
512
512
513
513
512
512
512
512
512
512
513
512
512
512
512
512
511
512
512
512
511
513
512
511
512
512
511
511
511
511
511
511
511
512
